&parameters
gridpoints =   128
q0 =   1.1266741000000000E+00
shat =  -1.3712690000000000E-01
s0   =   1.0000000000000000E+00
minor_r=   1.0000000000000000E+00
trpeps =
beta =
Lref =
Bref =
magn_geometry = 'gist'
n_pol = 1
/
  2.2854369448999998E+00  2.0850188951000002E+00    2.4298420153000002E+00      1.0974633899999999E+00  3.6454970450999997E-02  1.1032746157999999E-01 -1.6618080069999999E-01  1.1040600197000000E+01
  1.8043450885000001E+00  1.7032430405000001E+00    2.2608752200000000E+00      1.0848093827000000E+00  2.6384205389000000E-02  1.0230838833000000E-01 -3.9584894316000002E-01  1.1300313064999999E+01
  1.4177554498000000E+00  1.3476717482000000E+00    2.0849826709000001E+00      1.0669352848000000E+00 -2.6858642746999999E-02  1.1041088833000000E-01 -1.7535364919999999E-01  1.1676679611999999E+01
  1.1883758793999999E+00  1.0642200659000001E+00    1.9075968832000001E+00      1.0643841177000000E+00 -4.8051643846000001E-03  1.0016247783000000E-01 -1.4912958418000000E-01  1.1734033184999999E+01
  1.0023533616000000E+00  7.5537001028999995E-01    1.6554153772000000E+00      1.0427457257999999E+00 -8.2958404700999994E-03  4.7264419744000002E-02 -6.0516420062999998E-01  1.2231326042999999E+01
  8.9092249296000003E-01  5.3557833557000001E-01    1.4986072231000001E+00      1.0232061831000001E+00 -5.2524985655000002E-02  4.7872065201000000E-02 -1.3678840241000001E-01  1.2698976718000001E+01
  8.5775951857999999E-01  4.0442306870000000E-01    1.3999266440000000E+00      1.0177750226000000E+00 -4.3093396333000002E-02  4.5552696080000003E-02 -2.2354115563999999E-01  1.2835715762000000E+01
  8.3434606035000003E-01  2.8730505225000003E-01    1.3028332650000001E+00      1.0015864359000000E+00 -5.2397591035000003E-02  7.4980146326000001E-03 -2.8977188694000000E-01  1.3253972041999999E+01
  8.1447343372000003E-01  2.0706646431000000E-01    1.2795933615999999E+00      9.9901258624000000E-01 -5.0317517755999998E-02 -1.7424302950000001E-02  1.0500698116000000E-01  1.3319598595000000E+01
  7.9248459968999996E-01  1.5749247615000000E-01    1.2997400241999999E+00      1.0019390911999999E+00 -3.6341884216000001E-02 -2.8389096696999998E-02  5.8377034862999999E-02  1.3247749754000001E+01
  7.6235351781000005E-01  1.0271624175999999E-01    1.3601780355999999E+00      1.0124510659999999E+00  3.1480573871000002E-03 -4.3185255895000003E-02  3.2886085965000000E-01  1.2966842690000000E+01
  7.0556797173999997E-01  3.1920074371000001E-02    1.4844339657000001E+00      1.0222416384999999E+00  1.2695883204000001E-02 -6.2794373501999998E-02  1.3453245026000000E-03  1.2726199359000001E+01
  6.5326967141000003E-01 -6.0762311377000000E-02    1.6036984455000001E+00      1.0210742883999999E+00 -1.2774260883999999E-03 -6.4580345233999997E-02  1.0503879149000001E-01  1.2754410183999999E+01
  6.4123077068000001E-01 -2.0844481784999999E-01    1.7349063217000000E+00      1.0332802462999999E+00  3.9849586333000002E-02 -7.5110399987999996E-02  2.6436934112999999E-01  1.2447193202999999E+01
  6.5940652302000002E-01 -3.9530962551999999E-01    1.8826759234999999E+00      1.0410273605000000E+00  4.7121237514999997E-02 -1.0201747718000000E-01  1.4867290448000001E-01  1.2267867198999999E+01
  7.2311341357000003E-01 -6.0330068885999999E-01    2.0486424191000001E+00      1.0563776904000000E+00  7.3687472051000000E-02 -8.5001272022000002E-02  4.0444858637999997E-01  1.1910690938000000E+01
  8.3704334559000004E-01 -8.4586473114000005E-01    2.2234914853999999E+00      1.0695790939000001E+00  8.9908191156000003E-02 -9.2924398206000000E-02  1.3065906889000001E-01  1.1622546690000000E+01
  1.0042309155000000E+00 -1.0979917972000000E+00    2.3613313223999999E+00      1.0789397106000000E+00  8.2834770949999997E-02 -9.8834440891000006E-02  3.0189456695000000E-01  1.1419050129000000E+01
  1.2363479639999999E+00 -1.3454600547000000E+00    2.4348303462000001E+00      1.0947587231000000E+00  9.6302274450000003E-02 -9.2071789683000005E-02  2.9854487456000001E-01  1.1097413361999999E+01
  1.4950810825000000E+00 -1.5207893179000000E+00    2.3719130721999999E+00      1.1100272984999999E+00  1.1623545692999999E-01 -8.5917266037000006E-02  3.3773624510000000E-01  1.0791602839999999E+01
  1.7526870968999999E+00 -1.5798937135000000E+00    2.1455869496000002E+00      1.1238622376000000E+00  1.4763245247000001E-01 -6.2898154220000002E-02  2.0951084482999999E-01  1.0525723924999999E+01
  1.9956029206999999E+00 -1.5230181074000000E+00    1.8064659193999999E+00      1.1330737065000001E+00  1.7241966316999999E-01 -5.4857329190999997E-02  1.9186276427000001E-01  1.0350576862000000E+01
  2.2014012905000002E+00 -1.3618912651999999E+00    1.4334775146000001E+00      1.1397949949999999E+00  1.7449532740000001E-01 -4.6281567612000002E-02  4.0028927664000000E-02  1.0232539230000000E+01
  2.3410038678000000E+00 -1.1054149725000000E+00    1.0775053088000000E+00      1.1396638298999999E+00  1.7711359149000000E-01 -3.6814090523999997E-02 -1.8948446022000000E-02  1.0240210686999999E+01
  2.4162477742999999E+00 -7.8863655436000002E-01    7.9390567863999995E-01      1.1378151399000000E+00  1.7283021485000000E-01 -1.6592612454999999E-02 -8.6919690243999995E-02  1.0275177215999999E+01
  2.3827133603999999E+00 -4.2955451623000002E-01    6.1453074766000004E-01      1.1305392077000000E+00  1.5889840635999999E-01 -1.1407276441000000E-02 -1.8894650678000000E-01  1.0400573907000000E+01
  2.2516223030000000E+00 -5.3069690140999999E-02    5.5498213350000003E-01      1.1158624634000001E+00  1.3859900349000001E-01  3.6112254130000001E-03 -4.3521657395000002E-01  1.0675056182000001E+01
  2.0701252924000002E+00  2.9525277308999998E-01    6.2184082520999995E-01      1.0947885037000000E+00  9.1196266545999993E-02  6.3270166857999993E-02 -3.0708005906000002E-01  1.1096217147999999E+01
  1.9104009209999999E+00  5.5858181378000005E-01    7.8160973267000000E-01      1.0861011247000001E+00  7.7501654136000006E-02  6.8495634890999996E-02 -2.0560556235999999E-01  1.1270525685000001E+01
  1.6834927723999999E+00  7.3551171776000002E-01    9.9198391719000001E-01      1.0618642636000000E+00  2.5697487618000000E-02  7.4206601107000003E-02 -7.1816030291999999E-01  1.1792224189000001E+01
  1.4748336704000000E+00  8.4738128750999997E-01    1.2128130402999999E+00      1.0340491882000000E+00 -4.9700864568999997E-02  1.0516839353000000E-01 -3.0504758278999999E-01  1.2434750362999999E+01
  1.3382564267999999E+00  8.9234369824000004E-01    1.3760497920999999E+00      1.0216986459999999E+00 -4.9007638330999997E-02  7.8412023279000001E-02 -3.8467979086999998E-01  1.2735819179000000E+01
  1.1938489511999999E+00  8.6718382076000000E-01    1.4639064101999999E+00      9.9719724948999999E-01 -8.8259691846999999E-02  4.1130334572999999E-02 -3.9965635173000003E-01  1.3372978969000000E+01
  1.1381316548000000E+00  8.7959238674999995E-01    1.5475323149000000E+00      9.9314137390000001E-01 -7.4067942849000007E-02  1.6855699064000002E-02  7.4109363225000002E-02  1.3478522649000000E+01
  1.1199016825000001E+00  9.1150340664999996E-01    1.6112325575999999E+00      9.8606041726000004E-01 -6.7193252497000006E-02 -1.4482811702000000E-02 -3.2622847694000001E-01  1.3674224046999999E+01
  1.1205036209999999E+00  9.8059933969000002E-01    1.7155695840000000E+00      9.7953120477000000E-01 -6.9919282168000002E-02 -2.9989436974999999E-02  1.3374080630999999E-01  1.3860157210000001E+01
  1.1540084540000000E+00  1.1080915271000000E+00    1.9027510966000001E+00      9.8319095140000001E-01 -5.2187893885000003E-02 -3.6350954014999999E-02 -1.5333861392000001E-01  1.3753265163000000E+01
  1.1673715084000000E+00  1.2238209779000000E+00    2.1023499245999999E+00      9.7737440098999995E-01 -7.0164890701999993E-02 -5.3441747318999998E-02  2.0198096779999999E-01  1.3915698115000000E+01
  1.2191286165999999E+00  1.3846573795999999E+00    2.3873495377000000E+00      9.9592753329999995E-01 -1.4315215641000001E-02 -7.2409362300000002E-02  1.9526395686000000E-01  1.3400553582000001E+01
  1.2164228255000000E+00  1.4860926911000001E+00    2.6250815901000002E+00      9.9164496500999999E-01 -2.9652115241000001E-02 -9.6593440266000002E-02 -3.3460588223999999E-02  1.3518691226000000E+01
  1.2445080932999999E+00  1.6358397518000001E+00    2.9686126766999998E+00      1.0084880219000001E+00 -5.1260443702999996E-03 -9.3321693637999997E-02  4.6057016531000000E-01  1.3075423469000000E+01
  1.2246620744000001E+00  1.7091017331000000E+00    3.2350895615000002E+00      1.0195765422000000E+00  1.9485473981999998E-02 -1.1460202068000000E-01  1.3609316696000001E-01  1.2797588480000000E+01
  1.1537858436999999E+00  1.7108722784999999E+00    3.4701949273000001E+00      1.0370321211000000E+00  4.4792553234999997E-02 -1.1405422256000000E-01  4.5857307678999998E-01  1.2373166343999999E+01
  1.0214669003000001E+00  1.6004171582000000E+00    3.5853165292000000E+00      1.0485570388000001E+00  8.3749624760999994E-02 -1.3103420335999999E-01  7.2820834346999999E-02  1.2091504967000001E+01
  8.4366576229000001E-01  1.3961196094999999E+00    3.6395333028999999E+00      1.0582006024999999E+00  8.1147451610999996E-02 -1.2603968910999999E-01  3.3450927073999998E-01  1.1871586418000000E+01
  6.6479438152000003E-01  1.1347132710000001E+00    3.6588609595000001E+00      1.0692250671000001E+00  6.9864279631000004E-02 -1.1344508465000000E-01  5.6021251041000003E-02  1.1622964251000001E+01
  5.0700107971999997E-01  8.0818113164000005E-01    3.5479805533000000E+00      1.0696480044000001E+00  5.1756736185999998E-02 -1.0565532820000000E-01  1.7340852055000001E-02  1.1625289803999999E+01
  4.0122714100000001E-01  4.5220829142000002E-01    3.3697326865999999E+00      1.0705463093000001E+00  2.0087246648000000E-02 -8.7641934214999995E-02 -2.6411744641000000E-02  1.1602998692000000E+01
  3.7040959603000001E-01  9.8514874156000007E-02    3.0946821737999999E+00      1.0654270189999999E+00 -1.0833574569000000E-02 -7.2019132392999993E-02 -1.5039137907000000E-01  1.1715875137999999E+01
  4.3152871739999998E-01 -2.4553757978999999E-01    2.7582164212000002E+00      1.0623092715000000E+00 -2.5850327387000001E-02 -6.6240950371000001E-02  9.7259530311000000E-02  1.1778714599000001E+01
  6.0002233410000005E-01 -5.5916349540999999E-01    2.4348980570999998E+00      1.0709096887000000E+00  9.1907991715999993E-03 -6.8760405819000003E-02  1.0792286058000000E-01  1.1593941473999999E+01
  8.5509740699000003E-01 -7.8640272713000003E-01    2.0588283610999998E+00      1.0679868471000000E+00 -5.7257324276000004E-03 -6.0458817792999997E-02 -1.0398723025999999E-01  1.1657180445000000E+01
  1.2129329185000000E+00 -9.5216718061000005E-01    1.6972753261000000E+00      1.0726440516000000E+00  2.3694896449999999E-02 -3.4729836158000002E-02  2.4337249204000000E-01  1.1553160182999999E+01
  1.6368580178000001E+00 -1.0573126128000001E+00    1.3905294077999999E+00      1.0754763393000000E+00  4.4608270397000001E-02 -1.9629645657000001E-02 -2.1369465619000000E-01  1.1496795440000000E+01
  2.0375021646000002E+00 -1.0613675442999999E+00    1.1050445446999999E+00      1.0599816402000000E+00  2.0935748625000000E-02 -1.6489246014000001E-03 -3.0612406800999997E-01  1.1835046902000000E+01
  2.4341952656000001E+00 -1.0101236503000000E+00    8.7101861175999995E-01      1.0480524503999999E+00  2.0189521647999999E-02  4.4605507656999999E-02 -1.9021877849999999E-01  1.2102587298000000E+01
  2.7945247029000000E+00 -9.3606838990999996E-01    6.9998584597000002E-01      1.0384914228000000E+00  9.2879659970000004E-03  5.5249302579000001E-02 -2.5864159598000003E-01  1.2329487332999999E+01
  3.0535562269000001E+00 -8.3151520566000003E-01    5.6869979524000003E-01      1.0216500676000000E+00 -1.6310226099999998E-02  8.3570323884000000E-02 -3.3847874659999999E-01  1.2737084971000000E+01
  3.2704900031999999E+00 -7.3304764171000003E-01    4.7747458148999999E-01      1.0113510514999999E+00 -2.9393832998999999E-02  8.5845998216999994E-02 -1.6614673221000001E-01  1.2997218315000000E+01
  3.3854283095000000E+00 -6.2120402161999999E-01    4.0588617577000002E-01      9.9343965668000001E-01 -5.5535447031000003E-02  7.7143081616999995E-02 -5.0099279471000002E-01  1.3471043722999999E+01
  3.5401396687000002E+00 -5.1468606515000004E-01    3.4854007973000001E-01      9.8371871572000003E-01 -6.9009298854999998E-02  7.3514025459999993E-02  1.4496706244999999E-01  1.3742873834999999E+01
  3.7310834266000001E+00 -4.1320131130999999E-01    3.0413696757000003E-01      9.8121567105999996E-01 -6.8962288257000001E-02  4.8404404211999999E-02 -4.4729300779999998E-01  1.3810605602000001E+01
  3.7466712092000001E+00 -2.8132966435000001E-01    2.6865014759000000E-01      9.6238858938000005E-01 -9.9793886895999995E-02  2.6067240342999998E-02  4.1400090852999998E-02  1.4353455617000000E+01
  3.9095522426999998E+00 -1.4618934812000001E-01    2.4776036889000000E-01      9.7260448207000005E-01 -7.7690928509000001E-02  1.8383438727000000E-02 -2.1393343321999998E-02  1.4052187458000001E+01
  3.8724373285999998E+00  0.0000000000000000E+00    2.3985143121999999E-01      9.6308838097000005E-01 -9.7620718544000007E-02  0.0000000000000000E+00  0.0000000000000000E+00  1.4327363915999999E+01
  3.9095522426999998E+00  1.4618934812000001E-01    2.4776036889000000E-01      9.7260448207000005E-01 -7.7690928509000001E-02 -1.8383438727000000E-02  2.1393343321999998E-02  1.4052187458000001E+01
  3.7466712092000001E+00  2.8132966435000001E-01    2.6865014759000000E-01      9.6238858938000005E-01 -9.9793886895999995E-02 -2.6067240342999998E-02 -4.1400090852999998E-02  1.4353455617000000E+01
  3.7310834266000001E+00  4.1320131130999999E-01    3.0413696757000003E-01      9.8121567105999996E-01 -6.8962288257000001E-02 -4.8404404211999999E-02  4.4729300779999998E-01  1.3810605602000001E+01
  3.5401396687000002E+00  5.1468606515000004E-01    3.4854007973000001E-01      9.8371871572000003E-01 -6.9009298854999998E-02 -7.3514025459999993E-02 -1.4496706244999999E-01  1.3742873834999999E+01
  3.3854283095000000E+00  6.2120402161999999E-01    4.0588617577000002E-01      9.9343965668000001E-01 -5.5535447031000003E-02 -7.7143081616999995E-02  5.0099279471000002E-01  1.3471043722999999E+01
  3.2704900031999999E+00  7.3304764171000003E-01    4.7747458148999999E-01      1.0113510514999999E+00 -2.9393832998999999E-02 -8.5845998216999994E-02  1.6614673221000001E-01  1.2997218315000000E+01
  3.0535562269000001E+00  8.3151520566000003E-01    5.6869979524000003E-01      1.0216500676000000E+00 -1.6310226099999998E-02 -8.3570323884000000E-02  3.3847874659999999E-01  1.2737084971000000E+01
  2.7945247029000000E+00  9.3606838990999996E-01    6.9998584597000002E-01      1.0384914228000000E+00  9.2879659970000004E-03 -5.5249302579000001E-02  2.5864159598000003E-01  1.2329487332999999E+01
  2.4341952656000001E+00  1.0101236503000000E+00    8.7101861175999995E-01      1.0480524503999999E+00  2.0189521647999999E-02 -4.4605507656999999E-02  1.9021877849999999E-01  1.2102587298000000E+01
  2.0375021646000002E+00  1.0613675442999999E+00    1.1050445446999999E+00      1.0599816402000000E+00  2.0935748625000000E-02  1.6489246014000001E-03  3.0612406800999997E-01  1.1835046902000000E+01
  1.6368580178000001E+00  1.0573126128000001E+00    1.3905294077999999E+00      1.0754763393000000E+00  4.4608270397000001E-02  1.9629645657000001E-02  2.1369465619000000E-01  1.1496795440000000E+01
  1.2129329185000000E+00  9.5216718061000005E-01    1.6972753261000000E+00      1.0726440516000000E+00  2.3694896449999999E-02  3.4729836158000002E-02 -2.4337249204000000E-01  1.1553160182999999E+01
  8.5509740699000003E-01  7.8640272713000003E-01    2.0588283610999998E+00      1.0679868471000000E+00 -5.7257324276000004E-03  6.0458817792999997E-02  1.0398723025999999E-01  1.1657180445000000E+01
  6.0002233410000005E-01  5.5916349540999999E-01    2.4348980570999998E+00      1.0709096887000000E+00  9.1907991715999993E-03  6.8760405819000003E-02 -1.0792286058000000E-01  1.1593941473999999E+01
  4.3152871739999998E-01  2.4553757978999999E-01    2.7582164212000002E+00      1.0623092715000000E+00 -2.5850327387000001E-02  6.6240950371000001E-02 -9.7259530311000000E-02  1.1778714599000001E+01
  3.7040959603000001E-01 -9.8514874156000007E-02    3.0946821737999999E+00      1.0654270189999999E+00 -1.0833574569000000E-02  7.2019132392999993E-02  1.5039137907000000E-01  1.1715875137999999E+01
  4.0122714100000001E-01 -4.5220829142000002E-01    3.3697326865999999E+00      1.0705463093000001E+00  2.0087246648000000E-02  8.7641934214999995E-02  2.6411744641000000E-02  1.1602998692000000E+01
  5.0700107971999997E-01 -8.0818113164000005E-01    3.5479805533000000E+00      1.0696480044000001E+00  5.1756736185999998E-02  1.0565532820000000E-01 -1.7340852055000001E-02  1.1625289803999999E+01
  6.6479438152000003E-01 -1.1347132710000001E+00    3.6588609595000001E+00      1.0692250671000001E+00  6.9864279631000004E-02  1.1344508465000000E-01 -5.6021251041000003E-02  1.1622964251000001E+01
  8.4366576229000001E-01 -1.3961196094999999E+00    3.6395333028999999E+00      1.0582006024999999E+00  8.1147451610999996E-02  1.2603968910999999E-01 -3.3450927073999998E-01  1.1871586418000000E+01
  1.0214669003000001E+00 -1.6004171582000000E+00    3.5853165292000000E+00      1.0485570388000001E+00  8.3749624760999994E-02  1.3103420335999999E-01 -7.2820834346999999E-02  1.2091504967000001E+01
  1.1537858436999999E+00 -1.7108722784999999E+00    3.4701949273000001E+00      1.0370321211000000E+00  4.4792553234999997E-02  1.1405422256000000E-01 -4.5857307678999998E-01  1.2373166343999999E+01
  1.2246620744000001E+00 -1.7091017331000000E+00    3.2350895615000002E+00      1.0195765422000000E+00  1.9485473981999998E-02  1.1460202068000000E-01 -1.3609316696000001E-01  1.2797588480000000E+01
  1.2445080932999999E+00 -1.6358397518000001E+00    2.9686126766999998E+00      1.0084880219000001E+00 -5.1260443702999996E-03  9.3321693637999997E-02 -4.6057016531000000E-01  1.3075423469000000E+01
  1.2164228255000000E+00 -1.4860926911000001E+00    2.6250815901000002E+00      9.9164496500999999E-01 -2.9652115241000001E-02  9.6593440266000002E-02  3.3460588223999999E-02  1.3518691226000000E+01
  1.2191286165999999E+00 -1.3846573795999999E+00    2.3873495377000000E+00      9.9592753329999995E-01 -1.4315215641000001E-02  7.2409362300000002E-02 -1.9526395686000000E-01  1.3400553582000001E+01
  1.1673715084000000E+00 -1.2238209779000000E+00    2.1023499245999999E+00      9.7737440098999995E-01 -7.0164890701999993E-02  5.3441747318999998E-02 -2.0198096779999999E-01  1.3915698115000000E+01
  1.1540084540000000E+00 -1.1080915271000000E+00    1.9027510966000001E+00      9.8319095140000001E-01 -5.2187893885000003E-02  3.6350954014999999E-02  1.5333861392000001E-01  1.3753265163000000E+01
  1.1205036209999999E+00 -9.8059933969000002E-01    1.7155695840000000E+00      9.7953120477000000E-01 -6.9919282168000002E-02  2.9989436974999999E-02 -1.3374080630999999E-01  1.3860157210000001E+01
  1.1199016825000001E+00 -9.1150340664999996E-01    1.6112325575999999E+00      9.8606041726000004E-01 -6.7193252497000006E-02  1.4482811702000000E-02  3.2622847694000001E-01  1.3674224046999999E+01
  1.1381316548000000E+00 -8.7959238674999995E-01    1.5475323149000000E+00      9.9314137390000001E-01 -7.4067942849000007E-02 -1.6855699064000002E-02 -7.4109363225000002E-02  1.3478522649000000E+01
  1.1938489511999999E+00 -8.6718382076000000E-01    1.4639064101999999E+00      9.9719724948999999E-01 -8.8259691846999999E-02 -4.1130334572999999E-02  3.9965635173000003E-01  1.3372978969000000E+01
  1.3382564267999999E+00 -8.9234369824000004E-01    1.3760497920999999E+00      1.0216986459999999E+00 -4.9007638330999997E-02 -7.8412023279000001E-02  3.8467979086999998E-01  1.2735819179000000E+01
  1.4748336704000000E+00 -8.4738128750999997E-01    1.2128130402999999E+00      1.0340491882000000E+00 -4.9700864568999997E-02 -1.0516839353000000E-01  3.0504758278999999E-01  1.2434750362999999E+01
  1.6834927723999999E+00 -7.3551171776000002E-01    9.9198391719000001E-01      1.0618642636000000E+00  2.5697487618000000E-02 -7.4206601107000003E-02  7.1816030291999999E-01  1.1792224189000001E+01
  1.9104009209999999E+00 -5.5858181378000005E-01    7.8160973267000000E-01      1.0861011247000001E+00  7.7501654136000006E-02 -6.8495634890999996E-02  2.0560556235999999E-01  1.1270525685000001E+01
  2.0701252924000002E+00 -2.9525277308999998E-01    6.2184082520999995E-01      1.0947885037000000E+00  9.1196266545999993E-02 -6.3270166857999993E-02  3.0708005906000002E-01  1.1096217147999999E+01
  2.2516223030000000E+00  5.3069690140999999E-02    5.5498213350000003E-01      1.1158624634000001E+00  1.3859900349000001E-01 -3.6112254130000001E-03  4.3521657395000002E-01  1.0675056182000001E+01
  2.3827133603999999E+00  4.2955451623000002E-01    6.1453074766000004E-01      1.1305392077000000E+00  1.5889840635999999E-01  1.1407276441000000E-02  1.8894650678000000E-01  1.0400573907000000E+01
  2.4162477742999999E+00  7.8863655436000002E-01    7.9390567863999995E-01      1.1378151399000000E+00  1.7283021485000000E-01  1.6592612454999999E-02  8.6919690243999995E-02  1.0275177215999999E+01
  2.3410038678000000E+00  1.1054149725000000E+00    1.0775053088000000E+00      1.1396638298999999E+00  1.7711359149000000E-01  3.6814090523999997E-02  1.8948446022000000E-02  1.0240210686999999E+01
  2.2014012905000002E+00  1.3618912651999999E+00    1.4334775146000001E+00      1.1397949949999999E+00  1.7449532740000001E-01  4.6281567612000002E-02 -4.0028927664000000E-02  1.0232539230000000E+01
  1.9956029206999999E+00  1.5230181074000000E+00    1.8064659193999999E+00      1.1330737065000001E+00  1.7241966316999999E-01  5.4857329190999997E-02 -1.9186276427000001E-01  1.0350576862000000E+01
  1.7526870968999999E+00  1.5798937135000000E+00    2.1455869496000002E+00      1.1238622376000000E+00  1.4763245247000001E-01  6.2898154220000002E-02 -2.0951084482999999E-01  1.0525723924999999E+01
  1.4950810825000000E+00  1.5207893179000000E+00    2.3719130721999999E+00      1.1100272984999999E+00  1.1623545692999999E-01  8.5917266037000006E-02 -3.3773624510000000E-01  1.0791602839999999E+01
  1.2363479639999999E+00  1.3454600547000000E+00    2.4348303462000001E+00      1.0947587231000000E+00  9.6302274450000003E-02  9.2071789683000005E-02 -2.9854487456000001E-01  1.1097413361999999E+01
  1.0042309155000000E+00  1.0979917972000000E+00    2.3613313223999999E+00      1.0789397106000000E+00  8.2834770949999997E-02  9.8834440891000006E-02 -3.0189456695000000E-01  1.1419050129000000E+01
  8.3704334559000004E-01  8.4586473114000005E-01    2.2234914853999999E+00      1.0695790939000001E+00  8.9908191156000003E-02  9.2924398206000000E-02 -1.3065906889000001E-01  1.1622546690000000E+01
  7.2311341357000003E-01  6.0330068885999999E-01    2.0486424191000001E+00      1.0563776904000000E+00  7.3687472051000000E-02  8.5001272022000002E-02 -4.0444858637999997E-01  1.1910690938000000E+01
  6.5940652302000002E-01  3.9530962551999999E-01    1.8826759234999999E+00      1.0410273605000000E+00  4.7121237514999997E-02  1.0201747718000000E-01 -1.4867290448000001E-01  1.2267867198999999E+01
  6.4123077068000001E-01  2.0844481784999999E-01    1.7349063217000000E+00      1.0332802462999999E+00  3.9849586333000002E-02  7.5110399987999996E-02 -2.6436934112999999E-01  1.2447193202999999E+01
  6.5326967141000003E-01  6.0762311377000000E-02    1.6036984455000001E+00      1.0210742883999999E+00 -1.2774260883999999E-03  6.4580345233999997E-02 -1.0503879149000001E-01  1.2754410183999999E+01
  7.0556797173999997E-01 -3.1920074371000001E-02    1.4844339657000001E+00      1.0222416384999999E+00  1.2695883204000001E-02  6.2794373501999998E-02 -1.3453245026000000E-03  1.2726199359000001E+01
  7.6235351781000005E-01 -1.0271624175999999E-01    1.3601780355999999E+00      1.0124510659999999E+00  3.1480573871000002E-03  4.3185255895000003E-02 -3.2886085965000000E-01  1.2966842690000000E+01
  7.9248459968999996E-01 -1.5749247615000000E-01    1.2997400241999999E+00      1.0019390911999999E+00 -3.6341884216000001E-02  2.8389096696999998E-02 -5.8377034862999999E-02  1.3247749754000001E+01
  8.1447343372000003E-01 -2.0706646431000000E-01    1.2795933615999999E+00      9.9901258624000000E-01 -5.0317517755999998E-02  1.7424302950000001E-02 -1.0500698116000000E-01  1.3319598595000000E+01
  8.3434606035000003E-01 -2.8730505225000003E-01    1.3028332650000001E+00      1.0015864359000000E+00 -5.2397591035000003E-02 -7.4980146326000001E-03  2.8977188694000000E-01  1.3253972041999999E+01
  8.5775951857999999E-01 -4.0442306870000000E-01    1.3999266440000000E+00      1.0177750226000000E+00 -4.3093396333000002E-02 -4.5552696080000003E-02  2.2354115563999999E-01  1.2835715762000000E+01
  8.9092249296000003E-01 -5.3557833557000001E-01    1.4986072231000001E+00      1.0232061831000001E+00 -5.2524985655000002E-02 -4.7872065201000000E-02  1.3678840241000001E-01  1.2698976718000001E+01
  1.0023533616000000E+00 -7.5537001028999995E-01    1.6554153772000000E+00      1.0427457257999999E+00 -8.2958404700999994E-03 -4.7264419744000002E-02  6.0516420062999998E-01  1.2231326042999999E+01
  1.1883758793999999E+00 -1.0642200659000001E+00    1.9075968832000001E+00      1.0643841177000000E+00 -4.8051643846000001E-03 -1.0016247783000000E-01  1.4912958418000000E-01  1.1734033184999999E+01
  1.4177554498000000E+00 -1.3476717482000000E+00    2.0849826709000001E+00      1.0669352848000000E+00 -2.6858642746999999E-02 -1.1041088833000000E-01  1.7535364919999999E-01  1.1676679611999999E+01
  1.8043450885000001E+00 -1.7032430405000001E+00    2.2608752200000000E+00      1.0848093827000000E+00  2.6384205389000000E-02 -1.0230838833000000E-01  3.9584894316000002E-01  1.1300313064999999E+01
