&PARAMETERS
!s0, alpha0 =    0.1000000   0.0000000
!major, minor radius[m]=    1.4220217   0.3257592
my_dpdx =    0.0149138
q0 =    2.2776894
shat =   -0.1696641
gridpoints =   128
n_pol =     1
/
    1.1563395391E+00    1.8805770264E-01    9.6763652030E-01    1.0409373989E+00    8.8563841558E+00    7.9391412672E-02    2.8887781818E-03    7.9584469358E-04
    1.4449742992E+00    3.3014743901E-02    7.5087489978E-01    1.0411075635E+00    9.0142490182E+00    8.1886968229E-02   -4.9830398399E-05    4.5095370851E-03
    1.8846422890E+00   -7.9297572052E-02    5.7857795143E-01    1.0412129320E+00    9.2317612826E+00    8.3390703000E-02    3.5743762407E-04   -1.9141091424E-05
    2.5027063585E+00   -1.5054644279E-01    4.4245440684E-01    1.0414745441E+00    9.4877906547E+00    8.5874159611E-02    8.3809563061E-05    1.6098834362E-02
    3.3077526543E+00   -1.7961677289E-01    3.3862842196E-01    1.0429941881E+00    9.7403479477E+00    9.1908266904E-02   -7.0308369789E-03    4.1333668169E-02
    4.2398125476E+00   -1.6146339901E-01    2.6356672873E-01    1.0447023951E+00    9.9631484926E+00    1.0004462806E-01   -2.1583795526E-02    2.1262948767E-02
    5.1689570544E+00   -8.7513331358E-02    2.1280286150E-01    1.0451364834E+00    1.0153577032E+01    1.0679900335E-01   -3.4974521266E-02    2.7122228498E-03
    5.9538708011E+00    4.7172332303E-02    1.8396165369E-01    1.0454944713E+00    1.0297275069E+01    1.1476648417E-01   -4.6380770376E-02    1.2717984274E-02
    6.4473626156E+00    2.3064124604E-01    1.7799903210E-01    1.0461495690E+00    1.0381008921E+01    1.1979395433E-01   -5.0980013406E-02    1.0732587523E-02
    6.4866157441E+00    4.2612212944E-01    1.9677689232E-01    1.0463441205E+00    1.0410093889E+01    1.1866619544E-01   -4.4103150240E-02   -4.2876754590E-03
    6.0037642986E+00    5.8859435817E-01    2.3979026334E-01    1.0455624820E+00    1.0379447309E+01    1.1445099892E-01   -3.6856163144E-02   -2.9436433081E-02
    5.1254568632E+00    6.9561199829E-01    3.0679776442E-01    1.0433612294E+00    1.0277797366E+01    1.0892922621E-01   -3.1853999795E-02   -5.8652144979E-02
    4.1128157611E+00    7.5104112972E-01    4.0029669227E-01    1.0403286820E+00    1.0096509297E+01    1.0609607716E-01   -3.1590756988E-02   -5.6816947020E-02
    3.1874563892E+00    7.6535118338E-01    5.2202085874E-01    1.0383430491E+00    9.8432988673E+00    1.0575558791E-01   -3.5233898793E-02   -2.3784983344E-02
    2.4320740181E+00    7.4656978206E-01    6.7175469750E-01    1.0374925093E+00    9.5664691332E+00    1.0606444570E-01   -4.2433474475E-02   -1.7900696046E-02
    1.8420649766E+00    7.0513132933E-01    8.5292868522E-01    1.0363107000E+00    9.3203936621E+00    1.0388837463E-01   -4.7601373055E-02   -2.7472311064E-02
    1.3933896887E+00    6.5192716115E-01    1.0741816234E+00    1.0352509717E+00    9.1272165567E+00    1.0105690788E-01   -5.0497677518E-02   -1.3137454644E-02
    1.0613492144E+00    5.9178037865E-01    1.3388810824E+00    1.0348025746E+00    9.0001394503E+00    9.9788563954E-02   -5.5817735871E-02   -1.0696626449E-02
    8.1875759066E-01    5.2646231474E-01    1.6438299343E+00    1.0337967245E+00    8.9602761320E+00    9.9663658983E-02   -6.3916391287E-02   -3.0067437145E-02
    6.3958530380E-01    4.5849857505E-01    1.9946917708E+00    1.0322570411E+00    9.0057492401E+00    1.0163989067E-01   -7.4328797001E-02   -2.7342196122E-02
    5.0453620137E-01    3.8806308429E-01    2.4066213227E+00    1.0313266325E+00    9.1179826517E+00    1.0442253291E-01   -8.0906242869E-02   -1.2520480531E-02
    4.0142322220E-01    3.0971164995E-01    2.8845789972E+00    1.0305414546E+00    9.2942934032E+00    1.0602349258E-01   -8.4869393794E-02   -2.4554005264E-02
    3.2368566265E-01    2.1656874031E-01    3.4150473448E+00    1.0288342158E+00    9.5265214398E+00    1.0455792680E-01   -9.6748100325E-02   -4.0893711584E-02
    2.6813910078E-01    1.0590952083E-01    3.9753850543E+00    1.0270050375E+00    9.7802623510E+00    1.0074444581E-01   -1.0944656849E-01   -3.1397256424E-02
    2.3278294017E-01   -2.2668180911E-02    4.5206859874E+00    1.0255850668E+00    1.0025557768E+01    9.8267862513E-02   -1.1393267122E-01   -2.9803916390E-02
    2.1654250890E-01   -1.7096060973E-01    4.9770690061E+00    1.0239724017E+00    1.0260023689E+01    9.5258274621E-02   -1.1307909719E-01   -3.4506696717E-02
    2.2018310295E-01   -3.3691540145E-01    5.2613852470E+00    1.0222309630E+00    1.0475414246E+01    9.0002086547E-02   -1.1718145064E-01   -3.8276410049E-02
    2.4473009442E-01   -5.0406150001E-01    5.2898242863E+00    1.0200496073E+00    1.0659294726E+01    8.3138685227E-02   -1.2775741821E-01   -5.0263836499E-02
    2.9025692655E-01   -6.4833353477E-01    5.0151676630E+00    1.0175218817E+00    1.0804000606E+01    7.6926749597E-02   -1.3736989372E-01   -4.9864962245E-02
    3.5852184059E-01   -7.5304273989E-01    4.4570882490E+00    1.0153275898E+00    1.0884307941E+01    7.3790683362E-02   -1.4747961171E-01   -3.8856563350E-02
    4.5205283665E-01   -8.0415920797E-01    3.7036663529E+00    1.0136966258E+00    1.0873091660E+01    7.4269790565E-02   -1.5415749302E-01   -2.8303739593E-02
    5.6892451146E-01   -7.8492437612E-01    2.8845245593E+00    1.0124082425E+00    1.0761698608E+01    7.6949870930E-02   -1.5481678616E-01   -2.6357054451E-02
    7.0116281156E-01   -6.8486449320E-01    2.1262900244E+00    1.0108590988E+00    1.0572751185E+01    7.4745800262E-02   -1.4940134612E-01   -3.8764169842E-02
    8.4116105209E-01   -5.1242224411E-01    1.5216788947E+00    1.0086627106E+00    1.0350524362E+01    6.7625453654E-02   -1.4641179745E-01   -4.7071033160E-02
    9.8536311880E-01   -2.9420876827E-01    1.1164142073E+00    1.0067346154E+00    1.0129642169E+01    6.4212312419E-02   -1.4786639643E-01   -2.7524625696E-02
    1.1260129684E+00   -5.5733010700E-02    9.0148921834E-01    1.0059733507E+00    9.9398876343E+00    6.2358721055E-02   -1.4418675023E-01   -7.7221864437E-03
    1.2547687143E+00    1.8952826003E-01    8.3414630792E-01    1.0053555237E+00    9.8173261959E+00    5.3568120976E-02   -1.3471822229E-01   -2.3761249575E-02
    1.3766126102E+00    4.3922188876E-01    8.7140885348E-01    1.0033327209E+00    9.7905913215E+00    4.1526883082E-02   -1.2739714341E-01   -5.7558193310E-02
    1.5071216414E+00    6.9901069614E-01    9.8796974814E-01    1.0001873000E+00    9.8571731594E+00    3.2054627527E-02   -1.2501363556E-01   -6.3842225571E-02
    1.6587069194E+00    9.7955101604E-01    1.1783157662E+00    9.9747697801E-01    9.9943975216E+00    2.6040091968E-02   -1.2682233111E-01   -4.6907619177E-02
    1.8326624256E+00    1.2874859616E+00    1.4449077686E+00    9.9519248125E-01    1.0191854212E+01    2.0437612779E-02   -1.2712361985E-01   -5.0969243194E-02
    2.0223500329E+00    1.6159777552E+00    1.7781173716E+00    9.9226590172E-01    1.0439652625E+01    1.0175649788E-02   -1.2418130475E-01   -6.6999608234E-02
    2.2130916404E+00    1.9444519342E+00    2.1502959919E+00    9.8889269361E-01    1.0707903303E+01   -2.4623081207E-03   -1.2307327192E-01   -6.7678872814E-02
    2.3773525413E+00    2.2442022762E+00    2.5272662191E+00    9.8577832790E-01    1.0962050119E+01   -1.0470104172E-02   -1.2824856773E-01   -5.8330716101E-02
    2.4788343345E+00    2.4816717951E+00    2.8745011351E+00    9.8321778359E-01    1.1182925164E+01   -1.3437982438E-02   -1.3507083125E-01   -4.5819147010E-02
    2.4842514060E+00    2.6205199372E+00    3.1518007743E+00    9.8119354037E-01    1.1360798291E+01   -1.8943526880E-02   -1.3390067258E-01   -3.8638205575E-02
    2.3698946820E+00    2.6247305173E+00    3.3116290969E+00    9.7928642248E-01    1.1491706827E+01   -2.8782936238E-02   -1.2311565896E-01   -3.9051377175E-02
    2.1329568028E+00    2.4745370167E+00    3.3187541480E+00    9.7745884307E-01    1.1568044954E+01   -3.8972419521E-02   -1.0839179945E-01   -3.4537832773E-02
    1.8034373387E+00    2.1840868668E+00    3.1732162015E+00    9.7594115599E-01    1.1574152899E+01   -4.6484046246E-02   -9.7845998565E-02   -2.7119950635E-02
    1.4412324002E+00    1.8008597522E+00    2.9094704805E+00    9.7474472387E-01    1.1500468307E+01   -4.9814256066E-02   -8.9552888649E-02   -2.3077358926E-02
    1.1115691189E+00    1.3842567175E+00    2.5765062527E+00    9.7354924124E-01    1.1360070866E+01   -5.1662311728E-02   -8.4358477974E-02   -2.5937615084E-02
    8.5844207874E-01    9.8184486896E-01    2.2240820882E+00    9.7222749621E-01    1.1182369186E+01   -5.7097838849E-02   -8.2978500638E-02   -2.8068249006E-02
    6.9991179816E-01    6.1488133679E-01    1.8863123672E+00    9.7065607839E-01    1.1007498597E+01   -6.5367751928E-02   -8.0205637250E-02   -3.7938163925E-02
    6.5032651016E-01    2.9208563846E-01    1.5736361296E+00    9.6853666541E-01    1.0871617797E+01   -7.3127076319E-02   -7.6793249038E-02   -4.3891863262E-02
    7.2565534189E-01    3.2631318260E-02    1.2904694820E+00    9.6714594049E-01    1.0775360547E+01   -7.6343471953E-02   -8.5475915882E-02   -4.8688092251E-03
    9.1648113058E-01   -1.4940396531E-01    1.0471191218E+00    9.6816495070E-01    1.0706454369E+01   -7.0595568981E-02   -9.3739228693E-02    3.8517799252E-02
    1.1922517580E+00   -2.6516876952E-01    8.4778073930E-01    9.6976986989E-01    1.0697955343E+01   -6.3556367170E-02   -8.1207902063E-02    1.6585749731E-02
    1.5302852463E+00   -3.3488372595E-01    6.8747681859E-01    9.6947847979E-01    1.0785380076E+01   -6.4495869971E-02   -6.4203858531E-02   -2.4894760157E-02
    1.9312664950E+00   -3.7334634790E-01    5.5737484179E-01    9.6801439122E-01    1.0950900276E+01   -6.8693121138E-02   -5.5902153446E-02   -2.7864576599E-02
    2.4099352351E+00   -3.8622315450E-01    4.4994815178E-01    9.6704580029E-01    1.1155280539E+01   -7.0108825820E-02   -4.7641191027E-02   -1.3300769369E-02
    2.9597228264E+00   -3.7035713651E-01    3.6184106576E-01    9.6632543859E-01    1.1373571499E+01   -7.2868908123E-02   -3.4502911465E-02   -1.9791916626E-02
    3.5255333231E+00   -3.1895403439E-01    2.9297756663E-01    9.6497176022E-01    1.1584050378E+01   -7.8680364268E-02   -2.1802932964E-02   -3.4482208958E-02
    4.0187186453E+00   -2.3199313517E-01    2.4424805890E-01    9.6319437998E-01    1.1755430466E+01   -8.3766597297E-02   -1.3010601540E-02   -3.4300011395E-02
    4.3546747437E+00   -1.2080764443E-01    2.1582209521E-01    9.6189424585E-01    1.1862856619E+01   -8.6626763722E-02   -6.3861800571E-03   -1.7362598431E-02
    4.4741708511E+00    4.3491919650E-08    2.0661770454E-01    9.6147954267E-01    1.1898443850E+01   -8.7530006356E-02    1.7157105087E-08    1.5050006792E-08
    4.3546746223E+00    1.2080719838E-01    2.1582207682E-01    9.6189424663E-01    1.1862856555E+01   -8.6626762063E-02    6.3862092693E-03    1.7362614689E-02
    4.0187184388E+00    2.3199271906E-01    2.4424802415E-01    9.6319438152E-01    1.1755430341E+01   -8.3766593838E-02    1.3010629349E-02    3.4300024549E-02
    3.5255330793E+00    3.1895366184E-01    2.9297752055E-01    9.6497176218E-01    1.1584050203E+01   -7.8680358812E-02    2.1802956108E-02    3.4482213518E-02
    2.9597225912E+00    3.7035681821E-01    3.6184101626E-01    9.6632544074E-01    1.1373571294E+01   -7.2868901307E-02    3.4502930429E-02    1.9791921796E-02
    2.4099350416E+00    3.8622289624E-01    4.4994810721E-01    9.6704580290E-01    1.1155280324E+01   -7.0108819100E-02    4.7641207875E-02    1.3300783067E-02
    1.9312663531E+00    3.7334614877E-01    5.5737480911E-01    9.6801439458E-01    1.0950900071E+01   -6.8693112698E-02    5.5902171780E-02    2.7864590495E-02
    1.5302851451E+00    3.3488358069E-01    6.8747680515E-01    9.6947848347E-01    1.0785379901E+01   -6.4495859566E-02    6.4203880582E-02    2.4894758505E-02
    1.1922516803E+00    2.6516867077E-01    8.4778075619E-01    9.6976987329E-01    1.0697955217E+01   -6.3556357187E-02    8.1207927680E-02   -1.6585755595E-02
    9.1648106463E-01    1.4940390260E-01    1.0471191840E+00    9.6816495414E-01    1.0706454291E+01   -7.0595558274E-02    9.3739252190E-02   -3.8517790384E-02
    7.2565528017E-01   -3.2631357989E-02    1.2904696064E+00    9.6714594465E-01    1.0775360506E+01   -7.6343458734E-02    8.5475936895E-02    4.8688262535E-03
    6.5032644212E-01   -2.9208566832E-01    1.5736363353E+00    9.6853667017E-01    1.0871617792E+01   -7.3127061840E-02    7.6793273519E-02    4.3891868950E-02
    6.9991171190E-01   -6.1488137063E-01    1.8863126724E+00    9.7065608316E-01    1.1007498627E+01   -6.5367736634E-02    8.0205666759E-02    3.7938160854E-02
    8.5844196703E-01   -9.8184491879E-01    2.2240825021E+00    9.7222750086E-01    1.1182369233E+01   -5.7097824078E-02    8.2978530853E-02    2.8068247989E-02
    1.1115689748E+00   -1.3842567871E+00    2.5765067682E+00    9.7354924590E-01    1.1360070902E+01   -5.1662299922E-02    8.4358503983E-02    2.5937616473E-02
    1.4412322114E+00   -1.8008598344E+00    2.9094710734E+00    9.7474472871E-01    1.1500468304E+01   -4.9814245216E-02    8.9552909356E-02    2.3077365667E-02
    1.8034370885E+00   -2.1840869443E+00    3.1732168355E+00    9.7594116133E-01    1.1574152836E+01   -4.6484033266E-02    9.7846013768E-02    2.7119963369E-02
    2.1329564767E+00   -2.4745370669E+00    3.3187547775E+00    9.7745884911E-01    1.1568044826E+01   -3.8972403668E-02    1.0839181311E-01    3.4537849014E-02
    2.3698942796E+00   -2.6247305234E+00    3.3116296784E+00    9.7928642934E-01    1.1491706641E+01   -2.8782916983E-02    1.2311567193E-01    3.9051391841E-02
    2.4842509440E+00   -2.6205198960E+00    3.1518012792E+00    9.8119354773E-01    1.1360798059E+01   -1.8943505489E-02    1.3390068522E-01    3.8638212174E-02
    2.4788338413E+00   -2.4816717153E+00    2.8745015534E+00    9.8321779119E-01    1.1182924896E+01   -1.3437962719E-02    1.3507084469E-01    4.5819149841E-02
    2.3773520511E+00   -2.2442021739E+00    2.5272665531E+00    9.8577833551E-01    1.0962049827E+01   -1.0470084910E-02    1.2824858084E-01    5.8330714662E-02
    2.2130911901E+00   -1.9444518287E+00    2.1502962508E+00    9.8889270121E-01    1.0707902997E+01   -2.4622864275E-03    1.2307328744E-01    6.7678874298E-02
    2.0223496506E+00   -1.6159776631E+00    1.7781175680E+00    9.9226590934E-01    1.0439652320E+01    1.0175671743E-02    1.2418131931E-01    6.6999605763E-02
    1.8326621247E+00   -1.2874858921E+00    1.4449079163E+00    9.9519248857E-01    1.0191853926E+01    2.0437632141E-02    1.2712363036E-01    5.0969236021E-02
    1.6587066999E+00   -9.7955096805E-01    1.1783158742E+00    9.9747698521E-01    9.9943972663E+00    2.6040109526E-02    1.2682233604E-01    4.6907622733E-02
    1.5071214993E+00   -6.9901066049E-01    9.8796981818E-01    1.0001873076E+00    9.8571729394E+00    3.2054645739E-02    1.2501363843E-01    6.3842231572E-02
    1.3766125388E+00   -4.3922185263E-01    8.7140888652E-01    1.0033327283E+00    9.7905911452E+00    4.1526901800E-02    1.2739714586E-01    5.7558184464E-02
    1.2547687047E+00   -1.8952820948E-01    8.3414631013E-01    1.0053555306E+00    9.8173260705E+00    5.3568138835E-02    1.3471821962E-01    2.3761241825E-02
    1.1260130180E+00    5.5733092322E-02    9.0148919919E-01    1.0059733577E+00    9.9398875518E+00    6.2358737949E-02    1.4418674483E-01    7.7221960369E-03
    9.8536323159E-01    2.9420890337E-01    1.1164141758E+00    1.0067346230E+00    1.0129642116E+01    6.4212330076E-02    1.4786639034E-01    2.7524639419E-02
    8.4116122762E-01    5.1242245804E-01    1.5216788572E+00    1.0086627187E+00    1.0350524327E+01    6.7625472481E-02    1.4641178683E-01    4.7071035458E-02
    7.0116303575E-01    6.8486480706E-01    2.1262899807E+00    1.0108591068E+00    1.0572751152E+01    7.4745817970E-02    1.4940133296E-01    3.8764167273E-02
    5.6892476124E-01    7.8492480301E-01    2.8845244992E+00    1.0124082505E+00    1.0761698556E+01    7.6949887032E-02    1.5481677532E-01    2.6357054878E-02
    4.5205308913E-01    8.0415975002E-01    3.7036662486E+00    1.0136966337E+00    1.0873091567E+01    7.4269807653E-02    1.5415748968E-01    2.8303739680E-02
    3.5852207645E-01    7.5304338098E-01    4.4570880549E+00    1.0153275977E+00    1.0884307806E+01    7.3790701889E-02    1.4747961187E-01    3.8856560859E-02
    2.9025713109E-01    6.4833424097E-01    5.0151673380E+00    1.0175218894E+00    1.0804000439E+01    7.6926767732E-02    1.3736989223E-01    4.9864956995E-02
    2.4473025783E-01    5.0406222917E-01    5.2898238187E+00    1.0200496146E+00    1.0659294543E+01    8.3138700493E-02    1.2775740945E-01    5.0263822506E-02
    2.2018322176E-01    3.3691611816E-01    5.2613846618E+00    1.0222309695E+00    1.0475414054E+01    9.0002095218E-02    1.1718143177E-01    3.8276396152E-02
    2.1654258619E-01    1.7096128850E-01    4.9770683603E+00    1.0239724079E+00    1.0260023487E+01    9.5258279733E-02    1.1307907700E-01    3.4506697006E-02
    2.3278298270E-01    2.2668797217E-02    4.5206853356E+00    1.0255850730E+00    1.0025557563E+01    9.8267866952E-02    1.1393264766E-01    2.9803912151E-02
    2.6813911688E-01   -1.0590898408E-01    3.9753844373E+00    1.0270050435E+00    9.7802621394E+00    1.0074445246E-01    1.0944654445E-01    3.1397254040E-02
    3.2368566119E-01   -2.1656829035E-01    3.4150467940E+00    1.0288342214E+00    9.5265212338E+00    1.0455793149E-01    9.6748075881E-02    4.0893696802E-02
    4.0142321260E-01   -3.0971128746E-01    2.8845785307E+00    1.0305414592E+00    9.2942932202E+00    1.0602349249E-01    8.4869372491E-02    2.4553985556E-02
    5.0453619375E-01   -3.8806280894E-01    2.4066209524E+00    1.0313266366E+00    9.1179824985E+00    1.0442253151E-01    8.0906222514E-02    1.2520479959E-02
    6.3958530937E-01   -4.5849838570E-01    1.9946914955E+00    1.0322570453E+00    9.0057491155E+00    1.0163988848E-01    7.4328773215E-02    2.7342195282E-02
    8.1875762365E-01   -5.2646221029E-01    1.6438297433E+00    1.0337967283E+00    8.9602760429E+00    9.9663656856E-02    6.3916370833E-02    3.0067420579E-02
    1.0613492959E+00   -5.9178036260E-01    1.3388809674E+00    1.0348025775E+00    9.0001394036E+00    9.9788561539E-02    5.5817719253E-02    1.0696612419E-02
    1.3933898482E+00   -6.5192724452E-01    1.0741815825E+00    1.0352509744E+00    9.1272165427E+00    1.0105690417E-01    5.0497661374E-02    1.3137459624E-02
    1.8420652473E+00   -7.0513152782E-01    8.5292871514E-01    1.0363107030E+00    9.3203936701E+00    1.0388837005E-01    4.7601356716E-02    2.7472309426E-02
    2.4320744368E+00   -7.4657011338E-01    6.7175478734E-01    1.0374925117E+00    9.5664691611E+00    1.0606444035E-01    4.2433459929E-02    1.7900682669E-02
    3.1874570040E+00   -7.6535167267E-01    5.2202099447E-01    1.0383430513E+00    9.8432989025E+00    1.0575558449E-01    3.5233891998E-02    2.3784991068E-02
    4.1128166207E+00   -7.5104181094E-01    4.0029685884E-01    1.0403286848E+00    1.0096509316E+01    1.0609607357E-01    3.1590750404E-02    5.6816957406E-02
    5.1254579620E+00   -6.9561289090E-01    3.0679794211E-01    1.0433612323E+00    1.0277797363E+01    1.0892921861E-01    3.1853983838E-02    5.8652137519E-02
    6.0037655427E+00   -5.8859543231E-01    2.3979042511E-01    1.0455624844E+00    1.0379447290E+01    1.1445098625E-01    3.6856133058E-02    2.9436424746E-02
    6.4866169838E+00   -4.2612329985E-01    1.9677700919E-01    1.0463441227E+00    1.0410093861E+01    1.1866618206E-01    4.4103117609E-02    4.2876741026E-03
    6.4473637122E+00   -2.3064240821E-01    1.7799908567E-01    1.0461495712E+00    1.0381008890E+01    1.1979394846E-01    5.0979994472E-02   -1.0732590039E-02
    5.9538716725E+00   -4.7173405099E-02    1.8396164443E-01    1.0454944732E+00    1.0297275034E+01    1.1476648164E-01    4.6380761571E-02   -1.2717990410E-02
    5.1689576723E+00    8.7512396330E-02    2.1280280504E-01    1.0451364850E+00    1.0153576991E+01    1.0679900344E-01    3.4974520821E-02   -2.7122330687E-03
    4.2398129255E+00    1.6146262923E-01    2.6356664686E-01    1.0447023956E+00    9.9631484474E+00    1.0004462394E-01    2.1583788866E-02   -2.1262980683E-02
    3.3077528534E+00    1.7961617454E-01    3.3862833615E-01    1.0429941874E+00    9.7403478949E+00    9.1908258841E-02    7.0308272023E-03   -4.1333676897E-02
    2.5027064576E+00    1.5054599686E-01    4.4245433533E-01    1.0414745436E+00    9.4877905885E+00    8.5874152012E-02   -8.3818441335E-05   -1.6098821416E-02
    1.8846423377E+00    7.9297244654E-02    5.7857790891E-01    1.0412129320E+00    9.2317612152E+00    8.3390697224E-02   -3.5744455393E-04    1.9142438754E-05
    1.4449743178E+00   -3.3014986610E-02    7.5087490106E-01    1.0411075634E+00    9.0142489647E+00    8.1886963895E-02    4.9825379521E-05   -4.5095396110E-03
