&parameters
!s0, alpha0 =    0.5000000   0.0000000
!major, minor radius[m]=    1.4081838   0.3222453
!Bref, B_00, B_01, B_10, B_11 =    1.5854403   1.6558219  -0.0035806  -0.1530457  -0.0043793
my_dpdx =    0.0003669
q0 =    1.8588439
shat =   -0.6671281
gridpoints =    96
n_pol =   1
/
    4.0597747648E+00    1.0136289250E+01    2.5615403246E+01    1.1161039325E+00    7.1636833731E+00    5.9200277035E-02    2.9925423918E-02   -3.7308981245E-01    1.1978674229E+00
    2.7124850084E+00    6.7104024058E+00    1.7048651030E+01    1.0992119175E+00    6.9576612799E+00    3.2104690374E-02    3.2553187139E-02   -4.9422167426E-02    1.1509651283E+00
    1.9265177177E+00    4.6165655302E+00    1.1690231457E+01    1.1025850214E+00    6.7578559006E+00    9.2538437643E-02    1.1347746561E-02    7.8263559141E-02    1.1329162505E+00
    1.4100476446E+00    3.1585322070E+00    7.9411329479E+00    1.1050967006E+00    6.5190199057E+00    9.1100123780E-02    2.2461149612E-02    9.1544147695E-03    1.1313845782E+00
    1.1147399672E+00    2.1756137943E+00    5.3394267631E+00    1.1088326998E+00    6.4174444032E+00    1.3195527767E-01    6.2370130553E-03    9.5388640802E-02    1.1311292451E+00
    9.9487107701E-01    1.5593597303E+00    3.6833102890E+00    1.1118892553E+00    6.2719576099E+00    1.3147815630E-01    1.7962459331E-02   -1.0010721857E-02    1.1244636379E+00
    9.8099256961E-01    1.1601852231E+00    2.6248215159E+00    1.1103366959E+00    6.2378711967E+00    1.5474863496E-01    2.5431860969E-03    2.5292605453E-03    1.1199254634E+00
    1.0371443807E+00    8.6817681154E-01    1.9063240197E+00    1.1103164046E+00    6.2514343362E+00    1.4152704981E-01    1.3747689795E-02   -2.7149992459E-02    1.1272324361E+00
    1.0843077312E+00    6.0211471394E-01    1.4621975491E+00    1.1053447907E+00    6.2525271284E+00    1.3024722923E-01    1.6253038317E-02   -7.1007578422E-02    1.1432995925E+00
    1.1781019529E+00    3.6840306252E-01    1.1499160431E+00    1.1023116618E+00    6.3636415953E+00    1.1840421299E-01    7.7066896963E-03    1.8630273494E-02    1.1582580069E+00
    1.3110196146E+00    1.5322529869E-01    9.4667627289E-01    1.1086931401E+00    6.5664453992E+00    1.3818149924E-01   -2.7205118252E-02    9.9005538887E-02    1.1692839562E+00
    1.4577482397E+00   -9.7790277961E-04    8.6993830860E-01    1.1205716514E+00    6.5798487064E+00    1.5878644794E-01   -3.9440365319E-02    1.1947912660E-01    1.1901641076E+00
    1.6865306558E+00   -4.7022062668E-02    7.7872968530E-01    1.1338584700E+00    6.6589209024E+00    2.1580952860E-01   -4.6881109448E-02    9.0181459410E-02    1.2387616069E+00
    1.9729409043E+00    2.0040338275E-02    6.7798323452E-01    1.1370366059E+00    6.7502433432E+00    2.7959812529E-01   -7.9210406295E-02   -1.1039172374E-01    1.3121269687E+00
    2.2255463043E+00    1.5700617957E-01    5.9487701764E-01    1.1280740555E+00    7.1226476501E+00    2.6879385217E-01   -8.8432157906E-02   -1.5538769482E-01    1.3874744623E+00
    2.3187311286E+00    3.1280235630E-01    5.8469187053E-01    1.1154816409E+00    7.5203775873E+00    2.7229537188E-01   -1.0809569938E-01   -1.7013047341E-01    1.4436825931E+00
    2.2906965186E+00    5.1707387854E-01    6.5761515596E-01    1.1066807307E+00    7.8133523726E+00    3.1215214194E-01   -1.4015538725E-01    9.3407850566E-03    1.4652327420E+00
    2.3034654419E+00    8.4392391862E-01    8.5351819486E-01    1.1132875231E+00    7.9189565790E+00    3.8243679768E-01   -1.7588019855E-01    2.0012060483E-01    1.4421655884E+00
    2.2688366689E+00    1.2145431407E+00    1.2128225474E+00    1.1208085265E+00    7.8315003277E+00    4.4501237838E-01   -2.0630647373E-01    9.0790278968E-02    1.3874755943E+00
    2.1324032888E+00    1.5634372726E+00    1.7406967912E+00    1.1201182322E+00    7.7174227552E+00    4.1981246186E-01   -1.5712145098E-01   -2.1978547746E-02    1.3346603019E+00
    1.9829208243E+00    1.8479549258E+00    2.3459831046E+00    1.1139922174E+00    7.5434857506E+00    3.6114087739E-01   -1.0976803458E-01   -8.4411273706E-02    1.3069584587E+00
    1.8876647494E+00    2.1092229818E+00    3.0068758722E+00    1.1062937133E+00    7.2389292632E+00    3.2157548342E-01   -1.1172614304E-01   -2.1465476379E-01    1.3002190759E+00
    1.8329563395E+00    2.3590642857E+00    3.6796195010E+00    1.0869957338E+00    7.1430222959E+00    2.5966324921E-01   -1.0645285506E-01   -2.7375520967E-01    1.3013256380E+00
    1.8842600763E+00    2.6844141493E+00    4.4347367500E+00    1.0742110035E+00    7.0673069231E+00    2.0643453242E-01   -1.0489209181E-01   -1.5258885433E-01    1.3139237610E+00
    2.0240774578E+00    3.0820002456E+00    5.2508436267E+00    1.0627829277E+00    7.0529827864E+00    1.7555911982E-01   -1.0278895171E-01   -1.8485998792E-01    1.3465465104E+00
    2.1943913549E+00    3.4753849042E+00    6.0047769145E+00    1.0517827642E+00    7.2092882673E+00    1.8047826309E-01   -1.2436145725E-01   -1.0261298191E-01    1.3893240476E+00
    2.4236437793E+00    3.9203034004E+00    6.7916483225E+00    1.0459498940E+00    7.3424435483E+00    2.0730087137E-01   -1.4813197491E-01   -7.1332560462E-02    1.4233581554E+00
    2.6441952550E+00    4.3410394202E+00    7.5303930736E+00    1.0375519070E+00    7.6484878195E+00    2.0187477926E-01   -1.6062623752E-01   -1.1292488761E-01    1.4399060635E+00
    2.8296049543E+00    4.7095101441E+00    8.2073651129E+00    1.0289915688E+00    7.9832631641E+00    1.7147330303E-01   -1.6047432737E-01   -9.1804787458E-02    1.4434232937E+00
    2.9723153887E+00    5.0119962988E+00    8.7931050962E+00    1.0179841048E+00    8.3541346421E+00    1.2979993822E-01   -1.4784002854E-01   -2.0213720675E-01    1.4441554843E+00
    3.0468313556E+00    5.1842165988E+00    9.1402105027E+00    1.0006838213E+00    8.8196570745E+00    8.1616503610E-02   -1.2901169563E-01   -1.9896369953E-01    1.4515161858E+00
    3.0129206391E+00    5.1662848876E+00    9.1750452004E+00    9.9082862766E-01    9.1630691908E+00    6.4621517340E-02   -1.2399699817E-01   -1.5261659089E-01    1.4688322060E+00
    2.7146290907E+00    4.7145958653E+00    8.5350930736E+00    9.7955564157E-01    9.4223842967E+00    5.3931760959E-02   -1.2453041106E-01   -2.4093618153E-01    1.4907467208E+00
    2.1676188377E+00    3.8634056312E+00    7.3108723980E+00    9.6473181459E-01    9.7202446982E+00    4.4943313418E-02   -1.2986105770E-01   -2.0492097129E-01    1.5114234900E+00
    1.6140792985E+00    3.0060077996E+00    6.1606594883E+00    9.5779361754E-01    9.9625525835E+00   -2.6479583853E-02   -1.0333810440E-01   -8.3921349478E-02    1.5302757306E+00
    1.1452882076E+00    2.2435786515E+00    5.1852263978E+00    9.5492752107E-01    1.0076581093E+01   -1.2965815514E-01   -6.3538871858E-02   -7.1976065896E-02    1.5453384807E+00
    7.7703196916E-01    1.5182344839E+00    4.1292077596E+00    9.5256038519E-01    1.0099213118E+01   -1.5548919427E-01   -6.3177282347E-02   -4.0802308249E-02    1.5523152493E+00
    5.4229467256E-01    8.5913452619E-01    3.0305342763E+00    9.5280814014E-01    9.9873527071E+00   -1.3299490908E-01   -9.5392182531E-02   -3.9893734885E-03    1.5514921872E+00
    4.9864673416E-01    3.7498137527E-01    2.0993326107E+00    9.5115163315E-01    9.7824260666E+00   -1.2616469408E-01   -1.2306066589E-01   -6.9048766634E-02    1.5471843024E+00
    6.4022002634E-01    1.1239314801E-01    1.4303823347E+00    9.5071360108E-01    9.6005539455E+00   -9.7811297086E-02   -1.4022720839E-01    1.0256356954E-01    1.5434437658E+00
    9.2846144361E-01   -2.3519657289E-02    1.0029223067E+00    9.6454564156E-01    9.2688106423E+00   -4.8954375230E-02   -1.3747880963E-01    2.4959774012E-01    1.5470011396E+00
    1.2873965524E+00   -8.8227981235E-02    7.4335751526E-01    9.7377708817E-01    9.0919490641E+00   -4.4060949806E-02   -1.1053089319E-01   -1.1760106163E-02    1.5643433953E+00
    1.6263478822E+00   -1.2126777969E-01    5.8305326475E-01    9.6634435960E-01    9.2283249118E+00   -7.5820095374E-02   -8.2303718462E-02   -1.9232579910E-01    1.5892165850E+00
    1.9886445078E+00   -1.3748965700E-01    4.6934618942E-01    9.5578056628E-01    9.4575281081E+00   -1.0520224192E-01   -5.7443599904E-02   -1.1741073185E-01    1.6102354967E+00
    2.4348086243E+00   -1.4798494225E-01    3.8474579382E-01    9.5478481967E-01    9.6191804076E+00   -1.1387859691E-01   -4.7182718309E-02    1.0949095345E-02    1.6267413514E+00
    2.9085692345E+00   -1.4865990034E-01    3.2447393566E-01    9.5547981837E-01    9.7275287720E+00   -1.2156752748E-01   -5.9079151801E-02   -4.0516413313E-02    1.6412079534E+00
    3.2830194241E+00   -1.1759763911E-01    2.8377288601E-01    9.5075169950E-01    9.8478656876E+00   -1.3719690754E-01   -6.2000988000E-02   -1.1690303140E-01    1.6510322109E+00
    3.4914423160E+00   -6.4537648587E-02    2.6264038405E-01    9.4556566531E-01    9.9189894791E+00   -1.4786266026E-01   -3.6825041903E-02   -6.5479981817E-02    1.6545752358E+00
    3.5483809501E+00    0.0000000000E+00    2.5665241769E-01    9.4362491582E-01    9.9451708347E+00   -1.4741674914E-01    0.0000000000E+00    0.0000000000E+00    1.6548962022E+00
    3.4914423160E+00    6.4537648587E-02    2.6264038405E-01    9.4556566531E-01    9.9189894791E+00   -1.4786266026E-01    3.6825041903E-02    6.5479981817E-02    1.6545752358E+00
    3.2830194241E+00    1.1759763911E-01    2.8377288601E-01    9.5075169950E-01    9.8478656876E+00   -1.3719690754E-01    6.2000988000E-02    1.1690303140E-01    1.6510322109E+00
    2.9085692345E+00    1.4865990034E-01    3.2447393566E-01    9.5547981837E-01    9.7275287720E+00   -1.2156752748E-01    5.9079151801E-02    4.0516413313E-02    1.6412079534E+00
    2.4348086243E+00    1.4798494225E-01    3.8474579382E-01    9.5478481967E-01    9.6191804076E+00   -1.1387859691E-01    4.7182718309E-02   -1.0949095345E-02    1.6267413514E+00
    1.9886445078E+00    1.3748965700E-01    4.6934618942E-01    9.5578056628E-01    9.4575281081E+00   -1.0520224192E-01    5.7443599904E-02    1.1741073185E-01    1.6102354967E+00
    1.6263478822E+00    1.2126777969E-01    5.8305326475E-01    9.6634435960E-01    9.2283249118E+00   -7.5820095374E-02    8.2303718462E-02    1.9232579910E-01    1.5892165850E+00
    1.2873965524E+00    8.8227981235E-02    7.4335751526E-01    9.7377708817E-01    9.0919490641E+00   -4.4060949806E-02    1.1053089319E-01    1.1760106163E-02    1.5643433953E+00
    9.2846144361E-01    2.3519657289E-02    1.0029223067E+00    9.6454564156E-01    9.2688106423E+00   -4.8954375230E-02    1.3747880963E-01   -2.4959774012E-01    1.5470011396E+00
    6.4022002634E-01   -1.1239314801E-01    1.4303823347E+00    9.5071360108E-01    9.6005539455E+00   -9.7811297086E-02    1.4022720839E-01   -1.0256356954E-01    1.5434437658E+00
    4.9864673416E-01   -3.7498137527E-01    2.0993326107E+00    9.5115163315E-01    9.7824260666E+00   -1.2616469408E-01    1.2306066589E-01    6.9048766634E-02    1.5471843024E+00
    5.4229467256E-01   -8.5913452619E-01    3.0305342763E+00    9.5280814014E-01    9.9873527071E+00   -1.3299490908E-01    9.5392182531E-02    3.9893734885E-03    1.5514921872E+00
    7.7703196916E-01   -1.5182344839E+00    4.1292077596E+00    9.5256038519E-01    1.0099213118E+01   -1.5548919427E-01    6.3177282347E-02    4.0802308249E-02    1.5523152493E+00
    1.1452882076E+00   -2.2435786515E+00    5.1852263978E+00    9.5492752107E-01    1.0076581093E+01   -1.2965815514E-01    6.3538871858E-02    7.1976065896E-02    1.5453384807E+00
    1.6140792985E+00   -3.0060077996E+00    6.1606594883E+00    9.5779361754E-01    9.9625525835E+00   -2.6479583853E-02    1.0333810440E-01    8.3921349478E-02    1.5302757306E+00
    2.1676188377E+00   -3.8634056312E+00    7.3108723980E+00    9.6473181459E-01    9.7202446982E+00    4.4943313418E-02    1.2986105770E-01    2.0492097129E-01    1.5114234900E+00
    2.7146290907E+00   -4.7145958653E+00    8.5350930736E+00    9.7955564157E-01    9.4223842967E+00    5.3931760959E-02    1.2453041106E-01    2.4093618153E-01    1.4907467208E+00
    3.0129206391E+00   -5.1662848876E+00    9.1750452004E+00    9.9082862766E-01    9.1630691908E+00    6.4621517340E-02    1.2399699817E-01    1.5261659089E-01    1.4688322060E+00
    3.0468313556E+00   -5.1842165988E+00    9.1402105027E+00    1.0006838213E+00    8.8196570745E+00    8.1616503610E-02    1.2901169563E-01    1.9896369953E-01    1.4515161858E+00
    2.9723153887E+00   -5.0119962988E+00    8.7931050962E+00    1.0179841048E+00    8.3541346421E+00    1.2979993822E-01    1.4784002854E-01    2.0213720675E-01    1.4441554843E+00
    2.8296049543E+00   -4.7095101441E+00    8.2073651129E+00    1.0289915688E+00    7.9832631641E+00    1.7147330303E-01    1.6047432737E-01    9.1804787458E-02    1.4434232937E+00
    2.6441952550E+00   -4.3410394202E+00    7.5303930736E+00    1.0375519070E+00    7.6484878195E+00    2.0187477926E-01    1.6062623752E-01    1.1292488761E-01    1.4399060635E+00
    2.4236437793E+00   -3.9203034004E+00    6.7916483225E+00    1.0459498940E+00    7.3424435483E+00    2.0730087137E-01    1.4813197491E-01    7.1332560462E-02    1.4233581554E+00
    2.1943913549E+00   -3.4753849042E+00    6.0047769145E+00    1.0517827642E+00    7.2092882673E+00    1.8047826309E-01    1.2436145725E-01    1.0261298191E-01    1.3893240476E+00
    2.0240774578E+00   -3.0820002456E+00    5.2508436267E+00    1.0627829277E+00    7.0529827864E+00    1.7555911982E-01    1.0278895171E-01    1.8485998792E-01    1.3465465104E+00
    1.8842600763E+00   -2.6844141493E+00    4.4347367500E+00    1.0742110035E+00    7.0673069231E+00    2.0643453242E-01    1.0489209181E-01    1.5258885433E-01    1.3139237610E+00
    1.8329563395E+00   -2.3590642857E+00    3.6796195010E+00    1.0869957338E+00    7.1430222959E+00    2.5966324921E-01    1.0645285506E-01    2.7375520967E-01    1.3013256380E+00
    1.8876647494E+00   -2.1092229818E+00    3.0068758722E+00    1.1062937133E+00    7.2389292632E+00    3.2157548342E-01    1.1172614304E-01    2.1465476379E-01    1.3002190759E+00
    1.9829208243E+00   -1.8479549258E+00    2.3459831046E+00    1.1139922174E+00    7.5434857506E+00    3.6114087739E-01    1.0976803458E-01    8.4411273706E-02    1.3069584587E+00
    2.1324032888E+00   -1.5634372726E+00    1.7406967912E+00    1.1201182322E+00    7.7174227552E+00    4.1981246186E-01    1.5712145098E-01    2.1978547746E-02    1.3346603019E+00
    2.2688366689E+00   -1.2145431407E+00    1.2128225474E+00    1.1208085265E+00    7.8315003277E+00    4.4501237838E-01    2.0630647373E-01   -9.0790278968E-02    1.3874755943E+00
    2.3034654419E+00   -8.4392391862E-01    8.5351819486E-01    1.1132875231E+00    7.9189565790E+00    3.8243679768E-01    1.7588019855E-01   -2.0012060483E-01    1.4421655884E+00
    2.2906965186E+00   -5.1707387854E-01    6.5761515596E-01    1.1066807307E+00    7.8133523726E+00    3.1215214194E-01    1.4015538725E-01   -9.3407850566E-03    1.4652327420E+00
    2.3187311286E+00   -3.1280235630E-01    5.8469187053E-01    1.1154816409E+00    7.5203775873E+00    2.7229537188E-01    1.0809569938E-01    1.7013047341E-01    1.4436825931E+00
    2.2255463043E+00   -1.5700617957E-01    5.9487701764E-01    1.1280740555E+00    7.1226476501E+00    2.6879385217E-01    8.8432157906E-02    1.5538769482E-01    1.3874744623E+00
    1.9729409043E+00   -2.0040338275E-02    6.7798323452E-01    1.1370366059E+00    6.7502433432E+00    2.7959812529E-01    7.9210406295E-02    1.1039172374E-01    1.3121269687E+00
    1.6865306558E+00    4.7022062668E-02    7.7872968530E-01    1.1338584700E+00    6.6589209024E+00    2.1580952860E-01    4.6881109448E-02   -9.0181459410E-02    1.2387616069E+00
    1.4577482397E+00    9.7790277961E-04    8.6993830860E-01    1.1205716514E+00    6.5798487064E+00    1.5878644794E-01    3.9440365319E-02   -1.1947912660E-01    1.1901641076E+00
    1.3110196146E+00   -1.5322529869E-01    9.4667627289E-01    1.1086931401E+00    6.5664453992E+00    1.3818149924E-01    2.7205118252E-02   -9.9005538887E-02    1.1692839562E+00
    1.1781019529E+00   -3.6840306252E-01    1.1499160431E+00    1.1023116618E+00    6.3636415953E+00    1.1840421299E-01   -7.7066896963E-03   -1.8630273494E-02    1.1582580069E+00
    1.0843077312E+00   -6.0211471394E-01    1.4621975491E+00    1.1053447907E+00    6.2525271284E+00    1.3024722923E-01   -1.6253038317E-02    7.1007578422E-02    1.1432995925E+00
    1.0371443807E+00   -8.6817681154E-01    1.9063240197E+00    1.1103164046E+00    6.2514343362E+00    1.4152704981E-01   -1.3747689795E-02    2.7149992459E-02    1.1272324361E+00
    9.8099256961E-01   -1.1601852231E+00    2.6248215159E+00    1.1103366959E+00    6.2378711967E+00    1.5474863496E-01   -2.5431860969E-03   -2.5292605453E-03    1.1199254634E+00
    9.9487107701E-01   -1.5593597303E+00    3.6833102890E+00    1.1118892553E+00    6.2719576099E+00    1.3147815630E-01   -1.7962459331E-02    1.0010721857E-02    1.1244636379E+00
    1.1147399672E+00   -2.1756137943E+00    5.3394267631E+00    1.1088326998E+00    6.4174444032E+00    1.3195527767E-01   -6.2370130553E-03   -9.5388640802E-02    1.1311292451E+00
    1.4100476446E+00   -3.1585322070E+00    7.9411329479E+00    1.1050967006E+00    6.5190199057E+00    9.1100123780E-02   -2.2461149612E-02   -9.1544147695E-03    1.1313845782E+00
    1.9265177177E+00   -4.6165655302E+00    1.1690231457E+01    1.1025850214E+00    6.7578559006E+00    9.2538437643E-02   -1.1347746561E-02   -7.8263559141E-02    1.1329162505E+00
    2.7124850084E+00   -6.7104024058E+00    1.7048651030E+01    1.0992119175E+00    6.9576612799E+00    3.2104690374E-02   -3.2553187139E-02    4.9422167426E-02    1.1509651283E+00